98
H       1   0.32         0.40000  200 200 200
He      2   0.46         0.46000  15 245 237
Li      3   1.33         1.330000  76 80 80
Be      4   1.02         1.020000  76 80 80
B       5   0.85         0.850000  246 14 200
C       6   0.75         0.750000  108 84 5
N       7   0.71         0.710000  121 209 236
O       8   0.63         0.630000  253 3 20
F       9   0.64         0.640000 253 195 3
Ne      10  0.67         0.67000  165 134 34
Na      11  1.55         1.550000 76 80 80
Mg      12  1.39         1.390000 76 80 80
Al      13  1.26         1.260000 16 174 242
Si      14  1.16         1.160000 188 194 196
P       15  1.11         1.110000 253 195 3
S       16  1.03         1.030000 253 195 3
Cl      17  0.99         0.990000 39 245 16
Ar      18  0.96         0.96000 165 134 34
K       19  1.96         1.960000 165 134 34
Ca      20  1.71         1.710000 253 3 20
Sc      21  1.48         1.480000 188 169 46
Ti      22  1.36         1.360000 188 169 46
V       23  1.34         1.340000 188 169 46
Cr      24  1.22         1.220000 188 169 46
Mn      25  1.19         1.190000 188 169 46
Fe      26  1.16         1.160000 253 3 20
Co      27  1.11         1.110000 188 169 46
Ni      28  1.10         1.100000 188 169 46
Cu      29  1.12         1.20000 188 169 46
Zn      30  1.18         1.180000 188 169 46
Ga      31  1.24         1.240000 188 169 46
Ge      32  1.21         1.240000 253 3 20
As      33  1.21         1.210000 253 3 20
Se      34  1.16         1.160000 1 102 255
Br      35  1.14         1.140000 253 3 20
Kr      36  1.17         1.17000 253 3 20
Rb      37  2.10         1.670000 188 169 46
Sr      38  1.85         1.320000 253 3 20
Y       39  1.63         1.98000 188 169 46
Zr      40  1.54         1.76000 188 169 46
Nb      41  1.47         1.68000 188 169 46
Mo      42  1.38         1.67000 188 169 46
Tc      43  1.28         1.55000 188 169 46
Ru      44  1.25         1.60000 188 169 46
Rh      45  1.25         1.650000 253 3 20
Pd      46  1.20         1.70000 188 169 46
Ag      47  1.28         1.79000 188 169 46
Cd      48  1.36         1.89000 188 169 46
In      49  1.42         1.83000 188 169 46
Sn      50  1.40         1.66000 188 169 46
Sb      51  1.40         1.66000 188 169 46
Te      52  1.36         1.67    188 169 46 
I       53  1.33         1.75    253 3 20
Xe      54  1.31         1.750000 165 134 34
Cs      55  2.32         1.87000 188 169 46
Ba      56  1.96         1.54000 188 169 46
La      57  1.80         2.07000 188 169 46
Ce      58  1.63         2.03000 188 169 46
Pr      59  1.76         2.02000 188 169 46
Nd      60  1.74         2.01000 188 169 46
Pm      61  1.73         2.00000 188 169 46
Sm      62  1.72         2.00000 188 169 46
Eu      63  1.68         2.19000 188 169 46
Gd      64  1.69         1.99000 188 169 46
Tb      65  1.68         1.96000 188 169 46
Dy      66  1.67         1.95000 188 169 46
Ho      67  1.66         1.94000 188 169 46
Er      68  1.65         1.93000 188 169 46
Tm      69  1.64         1.92000 188 169 46
Yb      70  1.70         2.14000 188 169 46
Lu      71  1.62         1.92000 188 169 46
Hf      72  1.52         1.77000 188 169 46
Ta      73  1.46         1.63000 188 169 46
W       74  1.37         1.57000 188 169 46
Re      75  1.31         1.55000 188 169 46
Os      76  1.29         1.57000 188 169 46
Ir      77  1.22         1.52000 188 169 46
Pt      78  1.23         1.70000 188 169 46
Au      79  1.24         1.70000 188 169 46
Hg      80  1.33         1.90000 188 169 46
Tl      81  1.44         1.75000 188 169 46
Pb      82  1.44         1.74000 188 169 46
Bi      83  1.51         1.74000 188 169 46
Po      84  1.45         1.88000 188 169 46
At      85  1.47         0.20000 188 169 46
Rn      86  1.42         0.200000 15 245 237
Fr      87  2.23         0.20000 188 169 46
Ra      88  2.01         2.10000 188 169 46
Ac      89  1.86         2.08000 188 169 46
Th      90  1.75         1.99000 188 169 46
Pa      91  1.69         1.81000 188 169 46
U       92  1.70         1.78000 188 169 46
Np      93  1.71         1.75000 188 169 46
Pu      94  1.72         0.20000 188 169 46
Am      95  1.66         1.71000 188 169 46
Cm      96  1.66         0.20000 188 169 46
Bk      97  1.68         0.20000 188 169 46
Cf      98  1.68         1.73000 188 169 46
